3,2
3,1
3,3
10,69
10,127
10,29
10,17
10,151
10,177
10,91
11,14
11,4
49,7
49,6
49,5
49,4
49,3
49,2
49,1
49,0
45,4
45,3
45,2
45,1
45,0
34,3
34,1
20,3
20,2
20,1
19,3
19,2
19,1
12,3
12,2
12,1
11,28
11,27
11,26
11,25
11,24
11,23
11,22
11,20
11,19
11,18
11,15
11,11
11,8
11,7
11,3
11,2
11,1
10,303
10,267
10,255
10,249
10,245
10,243
10,222
10,215
10,214
10,209
10,205
10,200
10,176
10,173
10,167
10,133
10,106
18,1
10,99
10,97
18,3
10,24
10,16
10,15
14,1
10,6
10,3
14,3
10,2
13,1
10,1
9,7
13,3
9,6
9,5
9,4
9,3
9,2
9,1
8,17
8,16
8,15
8,14
8,13
8,12
